9.699784563456313791e+00
7.160277523149108703e+00
1.175741105416337540e+01
7.316538221793992491e+00
1.760974983431473007e+01
6.243239833656567761e+00
7.647616817324780492e+00
8.115119702914531885e+00
8.752748371145806061e+00
6.352698522176069673e+00
5.439259112360087300e+00
6.746190370887286569e+00
8.243566038174275690e+00
9.515563566850435251e+00
9.069802044184903878e+00
9.597044155061947635e+00
8.700033463185883775e+00
1.246835370242236074e+01
9.111133772816922161e+00
9.516560729104845962e+00
7.470363327658525954e+00
1.112803735588164322e+01
8.383163512459498534e+00
6.989133374786788089e+00
6.067279373723692970e+00
5.829651266036848689e+00
1.479422163941226387e+01
6.122498974962514495e+00
1.411136072312461565e+01
5.408067640614439675e+00
9.768926014063508134e+00
7.961800735052293909e+00
7.638124084977380157e+00
1.116034433075919452e+01
1.040671789041188511e+01
1.257736614025702870e+01
8.412964838090374542e+00
6.821182329939486699e+00
1.024060534889915708e+01
5.735223825875865877e+00
4.689145873686915600e+00
1.254243290429609559e+01
6.622671431459965952e+00
8.745521132183068147e+00
1.508984946575234076e+01
1.030699280850128297e+01
1.007614983779811979e+01
7.439131529121947750e+00
8.166153185320364827e+00
1.191364024467945093e+01
7.634824456089138067e+00
9.093911301826732796e+00
9.998195514629854230e+00
6.385862550701979501e+00
1.352175706130836552e+01
7.666349889589295863e+00
6.857419445914501033e+00
1.022101943032087412e+01
9.576482423994864490e+00
9.912084379696215919e+00
7.277469751902481576e+00
7.945670684255745186e+00
1.395843176797349194e+01
6.581284045090042945e+00
1.623771258719798993e+01
6.479142779907241412e+00
8.435351320480080517e+00
5.680603756167836416e+00
1.308621061868363888e+01
8.394466670497862992e+00
5.729240408861088873e+00
1.417380114018298798e+01
7.921781606440639223e+00
1.042816937602548322e+01
1.309047048336286423e+01
1.371266683233997696e+01
5.910814349926862832e+00
1.220294395637835194e+01
7.028541825005180321e+00
7.017100752713258949e+00
1.089318288226514930e+01
1.105911929358487278e+01
1.493088930887840249e+01
4.910412936131802297e+00
4.903361402981351702e+00
7.909430735713169014e+00
1.986332185761879643e+01
4.036803273717437968e+00
1.574467737412033763e+01
9.183652596483062425e+00
6.070263128738756286e+00
7.016485503466487472e+00
7.701839770053098277e+00
5.919155345145799885e+00
1.500205330660438108e+01
7.357105305675623264e+00
9.161456774245539947e+00
9.063326514069514062e+00
8.827909231489941888e+00
1.539499057427900475e+01
9.939486020721302495e+00
1.771413307723563690e+01
1.105537702126415489e+01
1.215385326794635823e+01
9.245574536987536618e+00
4.308652408555103008e+00
8.839973555930109583e+00
6.845684039825192357e+00
8.594431566414300505e+00
1.027074346141400163e+01
7.998661052826322226e+00
1.007679349289770521e+01
6.302904361534602096e+00
9.912334264110699067e+00
1.330084948391119148e+01
1.760752284792627975e+01
1.372433973808642449e+01
1.204812851128255957e+01
7.761150982672718968e+00
9.857799312415822968e+00
9.153047949851394804e+00
1.106103211428989219e+01
6.018179348719179700e+00
8.904707816085329242e+00
6.143484069488260424e+00
1.290412802501262668e+01
1.239960556759173116e+01
1.365953553714711433e+01
9.134439079130963535e+00
7.484667809329359045e+00
5.134092937814384250e+00
6.233577188816143533e+00
6.011682058327462386e+00
1.483439941441791987e+01
9.506155940788042713e+00
1.275499101439929817e+01
1.680360692576882897e+01
7.101998329522696274e+00
1.025660132172343530e+01
1.213351639904077928e+01
1.348114371222704122e+01
1.039468382932486001e+01
1.453075135654655803e+01
1.052554773092227336e+01
1.769578480797013853e+01
9.421154755105661138e+00
1.531007923346070143e+01
1.213298100035589222e+01
5.416105619294454776e+00
8.871965372077477596e+00
8.416341347562889652e+00
9.025823030164568550e+00
1.506985191546401381e+01
1.249694350891614114e+01
1.201315575946744652e+01
6.843831681547132284e+00
7.606008570237878352e+00
7.979679961606398919e+00
4.942279289628256578e+00
5.307533178212099578e+00
4.711920123199093702e+00
9.163840955415338385e+00
9.051534905132376352e+00
8.141239444486767951e+00
7.420818210992045749e+00
1.147941492554788567e+01
1.475439100520510394e+01
7.802393583160463386e+00
1.118322389917384818e+01
1.078783231674739973e+01
1.537411753942209813e+01
1.001691805153804715e+01
5.331120292547373296e+00
1.149805987135795071e+01
1.585386928774592619e+01
5.948194606523718342e+00
1.659851861993129063e+01
1.283575516034090391e+01
6.146074071169483233e+00
9.223674009598305190e+00
1.491887803364576293e+01
1.398036104548207170e+01
1.026575711378479916e+01
6.654929248379839457e+00
9.984439500487924946e+00
8.798234616222872617e+00
9.074405399524213323e+00
8.457261643720357824e+00
7.898840705598357381e+00
5.374480946800569647e+00
1.030042335959134014e+01
1.367531964740377326e+01
6.885164114346684627e+00
5.891279908147788902e+00
6.601986543546172648e+00
6.956402993701797932e+00
1.234391166437782061e+01
1.143416504331819183e+01
1.137502671002077470e+01
1.283635770439325618e+01
5.647272830262772381e+00
4.334517903542949746e+00
5.717708235953729456e+00
8.874432557999803350e+00
9.028032643596185736e+00
6.829530132646315366e+00
9.974425934229799395e+00
7.051622757297346666e+00
7.625337795152650422e+00
6.807865711406945408e+00
1.034727056954762503e+01
5.828817389538543559e+00
6.850237912711424570e+00
7.776249685529366573e+00
4.990855736203445581e+00
8.995289922713009645e+00
4.974326929448944945e+00
8.448700384490720694e+00
5.231716442169497050e+00
6.649571784332025892e+00
9.244254948852789866e+00
1.418169136641202321e+01
1.225030320250906613e+01
8.444108183328397743e+00
7.542011456057556629e+00
1.109094729058703699e+01
1.149032938512544710e+01
8.287337396059227146e+00
6.308796048486108532e+00
1.095917112746199074e+01
8.715080845419956646e+00
6.480564375585268877e+00
1.121318942999322843e+01
1.188262220850283057e+01
5.689952650260535094e+00
8.548622388386403870e+00
6.027750897377238459e+00
1.101516425752688733e+01
1.009488437725261711e+01
1.890568349733485931e+01
9.387208524304188728e+00
6.425052737708665695e+00
9.817639007883769864e+00
8.854926443658607482e+00
1.087512490856755853e+01
1.111004707717225948e+01
9.037222841752706515e+00
6.753922394464349388e+00
1.191425105620616343e+01
9.627541621938762617e+00
