6.883937272190070178e-02
5.602416239985198443e-01
3.243537450218447749e-01
5.848447829111180774e-02
4.175517631427106968e-01
1.239023807567077445e-01
9.872933054100159200e-01
2.519612509135563672e-01
4.193340659262351222e-02
2.304127210724678243e-01
8.128857749990611170e-01
6.210078789622206635e-02
1.540195478206456414e-01
2.117166513048777399e-01
8.635066076855519857e-01
5.148282265251152845e-02
2.490627124570495843e-01
4.584875785217669142e-01
8.721957239096184145e-01
1.621044780415444309e-01
2.106486045220893333e-01
3.454002193711527835e-02
2.882705238518091240e-01
5.169235313706292967e-01
1.162629711705087943e-01
3.715151804920883150e-01
2.952958704905688792e-01
2.485324575056254565e-02
2.175873285120863768e-02
1.384153359172600462e-01
3.369385957066950432e-02
8.888053277546553721e-02
3.196613427152855680e-02
2.665703443298294006e-01
8.088768495802262093e-01
4.777425571715205876e-01
6.244027967651530342e-02
7.427454205485543026e-01
1.283801225900418064e-01
4.311938944833192816e-02
2.877462502924829635e-01
6.862624637447336529e-01
8.814429929952083409e-02
9.594477591390285220e-02
7.572640015444283002e-01
3.472130695899867253e-02
2.258390393794532935e-01
7.910966305587793790e-02
6.193535640963254707e-02
3.649412180473801670e-01
9.452745880556391311e-01
2.546063673622523393e-01
8.967044614478917319e-01
5.992444832232901586e-01
6.328756586138575280e-01
9.332731042839004232e-01
4.622048027975220186e-01
4.023340062650375137e-01
6.403028259088130447e-01
8.162532757289404639e-01
8.167173501458344642e-01
7.061522998874835144e-01
1.867620570345350506e-01
9.125370429465667899e-01
8.545579620364824880e-01
7.976761831496921307e-01
7.882652657760818027e-01
8.869606653396258089e-01
4.725732048558300424e-01
8.451869202898147915e-01
9.642785741984865044e-01
3.772555961944620839e-01
6.645312261205991167e-01
5.553966726827976874e-01
7.811332493201128546e-01
9.052159131313420870e-01
8.830093959024404304e-01
6.446565862441953065e-01
9.507066988048296086e-01
3.103460926138635334e-01
1.659922431925723307e-01
9.924846098399421335e-01
8.283642094570994319e-01
9.169060653881597744e-01
6.180552885921333228e-01
8.433156151845172532e-01
8.267252943901908235e-01
6.781729877784861138e-01
7.441550823592968378e-01
9.697712341815527548e-01
3.006864592199103292e-01
6.045700836567253766e-01
5.720228145250313423e-01
6.429795392108864638e-01
7.547487765921458980e-01
6.889427896822281072e-01
7.382742697227887563e-01
7.189431605869580633e-01
9.430509415648383742e-01
5.091865690887613649e-01
