1.850547955102259945e-01
1.221345472672938914e-01
1.208408331152007326e-01
1.228985751853347019e-01
9.454997731411350914e-01
9.166339836863428570e-01
3.094176928926706260e-01
9.373247861543379522e-03
2.276125664948803473e-01
1.893718223520041155e-01
1.697994219819125850e-01
1.204633832027469376e-01
8.264946178073692140e-01
9.183581388642278465e-02
8.515823076659477797e-01
3.990363326918949100e-02
2.916823706023989882e-01
1.511030921901035662e-01
2.709351783819637371e-01
6.277329424531381818e-02
1.451366309355780204e-01
2.210211151289517839e-01
1.217841374874604476e-01
4.461137886993647717e-02
2.213705479835761936e-01
2.223700559040603653e-01
3.786262384002503922e-01
9.810389885962460255e-02
9.849402265914231069e-02
1.151071489014909160e-01
4.122734421781346636e-01
5.835446390243494985e-01
7.017797561033584097e-02
1.849786431057092451e-01
7.394895176892013477e-02
2.901138423062872840e-01
3.640608550292414036e-01
2.808891045060008529e-01
1.039255337495909731e-01
1.820513345599322069e-02
2.285847249191861053e-01
6.813861756011452275e-02
2.029436208113206686e-01
3.156533187496712300e-01
8.914827101472377890e-02
2.237630581837840582e-01
2.562608605807627504e-01
3.698773982092010831e-02
1.411008089265046728e-01
1.568973934124642255e-01
9.317418924974322225e-01
7.358313103385375475e-01
7.832730116695244549e-01
8.592105479331247908e-01
5.865714289540591153e-01
8.450487567414436407e-01
9.096039935954564060e-01
6.675089952964750051e-01
6.507050821694826404e-01
9.565612004081197606e-01
8.961499806950279368e-01
4.227216562387717258e-01
9.773118786871659580e-01
6.752523354171193759e-01
5.098900625482964966e-01
9.794424148278901843e-01
9.524161895471542350e-01
8.125332406192314894e-01
9.021303844245889270e-01
4.217127369637447276e-01
6.251983143541011145e-01
4.783921059154060962e-01
3.509941294457318284e-01
9.847754848154184337e-01
2.575660564340720993e-01
8.465712930209194909e-01
8.244075139297392107e-01
7.248628342255735157e-01
8.394997603279159837e-02
7.632003649551521995e-01
7.534377604151012431e-01
8.902786283233417031e-01
8.930675469754614237e-01
9.624600230171925785e-01
7.665562626177836458e-01
9.547561697823003790e-01
9.955863101205980614e-01
4.095968111032700087e-01
9.809151677241493283e-01
8.975225916066840171e-01
7.352793521484296546e-01
4.907119795354417668e-01
5.643733188774795462e-01
8.609246832611900935e-01
2.191129214546261028e-01
9.476996644815596227e-01
8.910075369341527995e-01
6.731572540167941598e-01
8.273578980729453525e-01
9.787800876218075707e-01
