8.399898311004330709e-02
4.128115433607753015e-01
2.119006087365871982e-01
6.142577318345207593e-02
4.316159492092191963e-01
1.892734948325091315e-01
9.996457349251656188e-01
1.701058520034071375e-01
4.514284119154501201e-02
3.194276696376508462e-01
8.112953381146886800e-01
6.284187740846333692e-02
2.776745851025473888e-01
1.718027375307589477e-01
9.387795927101917348e-01
6.151835276208290210e-02
2.134885009727068850e-01
3.053226670063350356e-01
7.764372546316509194e-01
1.797637261434772149e-01
2.535270838462256870e-01
4.595789710951944662e-02
1.908775880106589329e-01
3.625012397824425303e-01
1.159381355707070210e-01
3.032519100702468773e-01
4.170102830151948825e-01
3.639538470379542062e-02
3.275633793311438086e-02
1.250039831559640879e-01
4.880857943614069772e-02
8.186520331306312848e-02
4.172556735250464860e-02
2.281793099114838019e-01
7.361521926293763673e-01
3.599395726073477686e-01
7.442314966967691903e-02
4.662404652000056160e-01
1.010206937575687663e-01
4.908469332582348493e-02
2.394975393790810259e-01
4.267658059429435546e-01
7.968034410872970597e-02
9.601413905955955008e-02
9.143043566502064845e-01
4.386912684424810333e-02
1.644562978102652173e-01
8.685622985278003416e-02
7.186814759031699695e-02
2.408072004757516593e-01
9.997958887295859132e-01
1.933073071316149250e-01
9.996710899707074161e-01
3.895761783775557596e-01
8.516912239906115900e-01
8.967611708147992244e-01
7.200969369350159743e-01
6.052048353714570839e-01
6.427196206725090954e-01
9.496530068637681898e-01
8.274899968971243247e-01
8.429691347221338615e-01
1.820877061040037936e-01
8.806734742020702056e-01
9.643988214003240689e-01
6.514144912665782439e-01
8.288162636514467829e-01
9.986012899084039107e-01
3.793988170022618012e-01
9.481780324798340098e-01
9.773925883699282613e-01
3.118678320696460782e-01
6.300290826182671777e-01
4.262547557814358457e-01
8.019954976482752684e-01
9.912609998448429494e-01
7.102409877903693713e-01
4.702702777151255842e-01
9.819806065838379006e-01
2.499381134512530522e-01
1.603159509309315667e-01
9.998594791421916428e-01
9.681090545086153965e-01
9.342781707880072339e-01
5.085530848464956399e-01
8.779136650546961462e-01
8.046045585795797983e-01
6.497500596649955495e-01
7.524240196996658803e-01
9.999451360476619977e-01
2.343506492836608945e-01
7.145922671010439542e-01
6.952067425937691336e-01
8.040446167772875574e-01
8.352899124141622833e-01
5.221037153755858640e-01
5.030598974458437844e-01
7.232154328064003268e-01
9.979368536190579286e-01
4.142922640464387629e-01
