1.281704003391496427e-01
1.729182463763398621e-04
2.611808689945648541e-05
6.707700499808683244e-05
2.105600176767292921e-04
2.095215073381909154e-03
5.711604932631765335e-04
5.625621310428638812e-08
5.847075246294994137e-04
4.069080206150583100e-06
1.087852029837911349e-04
2.954403923002750054e-04
1.864407580263772795e-03
3.464407890026969410e-04
4.742591469317778380e-06
8.446297505967738373e-02
2.060477397354504197e-05
1.439699917946115190e-05
2.058685363565422328e-03
1.489915551973669135e-06
6.706331822479868607e-07
8.815419043052385561e-04
4.808440883932230993e-04
1.147902105209684491e-02
1.373852304873528962e-07
4.255141642030857647e-08
2.325981474160564513e-05
1.687159996805365561e-02
1.586590683716972266e-05
9.293749671037313531e-01
4.151218364242563116e-03
2.772151720305014719e-05
8.688743202697916121e-07
1.301809544061296249e-05
5.475831376655426047e-03
1.127838003398281804e-03
3.174459022654613216e-02
4.272209598749614479e-01
4.495003761045456763e-05
1.108878173677396985e-05
1.032431128195799566e-03
2.453244823543097175e-05
1.999439410953908064e-06
3.161294062539393192e-03
5.542840366727110995e-05
3.757353887720548714e-03
2.474357031452876395e-06
2.761159736545901225e-08
1.706567929192902451e-04
9.586785684135962216e-01
1.277798567624588303e-03
2.768648282589135021e-02
8.710798288993927338e-06
1.432564797474776422e-03
1.462003077863797268e-02
6.630690717848774439e-07
5.380002592459060592e-04
7.204119393138114225e-04
1.165448377446024657e-03
1.118231282389618383e-04
3.360375515600747616e-04
2.554128857190391617e-05
5.784669604108921505e-08
9.974929236281723233e-01
9.706943608307274651e-01
8.010940628897456062e-01
7.793933064373387287e-01
9.928021754736724436e-01
9.444769089447687671e-01
9.995907598366495783e-01
9.999631300758928809e-01
9.987745176266451530e-01
9.971645837478460006e-01
9.812981186412698120e-01
9.957057737809412723e-01
7.462325747392820618e-01
9.829897034487363738e-01
9.795155782550124535e-01
9.985503449117141272e-01
5.075053588594846676e-01
9.927660403985134607e-01
9.999650089999242430e-01
9.986697527058313595e-01
9.926924526702725071e-01
9.611228753080185427e-01
6.592739157273166395e-01
9.889482251711939620e-01
9.964413117314413482e-01
9.998438565464874417e-01
9.838000264751928237e-01
8.025290369163623483e-01
9.928184622537663540e-01
9.573577087090097137e-01
9.957413623083127829e-01
9.520924773723872248e-01
9.998325169220610986e-01
9.986969392058889783e-01
9.243889709583836822e-01
9.997094828788666288e-01
9.994196854442928268e-01
9.998631928679820868e-01
9.852294218810648818e-01
9.798685088092179418e-01
9.993511300117255969e-01
6.810854873430598477e-01
9.873371956727298171e-01
9.744747698169606842e-01
9.985492345591483465e-01
9.292471435850383488e-01
9.192946300240678603e-01
9.994127034279971511e-01
8.710575464959339209e-01
9.923562298332407883e-01
9.112749730474422050e-01
5.307676988644414173e-01
9.942859405053374733e-01
9.992060849629819108e-01
9.047662741346217397e-01
9.992963800200123092e-01
9.876608564391137213e-01
9.661525422080171621e-01
9.902736279857354829e-01
9.085591676192397159e-01
9.990384824607455583e-01
9.997885409692404135e-01
2.249966134270043050e-01
