5.819532080504782184e-02
7.569641649674373543e-03
6.944088729257033403e-03
1.192343872451708323e-02
1.196676291448825653e-02
2.674750187087176004e-02
1.390012280907868165e-02
7.294464605854437218e-04
2.282917710745418355e-02
4.366950362821273544e-03
8.895189270281276053e-03
9.497151169940451151e-03
1.178272305935038934e-02
1.233944971320685875e-02
3.738131038609932531e-03
8.502776615510919400e-02
3.206878165876481199e-03
7.116420264011291165e-03
1.813983491041857785e-02
2.304154341278432695e-03
2.472467905507022123e-03
2.505233534071337614e-02
1.394775455515406305e-02
1.840632559187800957e-02
1.211441093667177697e-03
1.541257849328561561e-03
5.663417023999358507e-03
4.428037973422001283e-02
3.118644198520853679e-03
1.015261631052893909e-01
1.510855600042913284e-02
2.967414107260330641e-03
1.239668294965690738e-03
3.638513286837211438e-03
3.734526498080536355e-02
1.235582739294956156e-02
3.636929743206182564e-02
4.835987991131048686e-02
4.297888322384230131e-03
4.545926392778521993e-03
1.233841082170488573e-02
5.043427203377038801e-03
1.971025414968207313e-03
1.889415272844174182e-02
1.201750098203358333e-02
1.929283434686444865e-02
3.085624154969288623e-03
1.047895260903002404e-03
8.445314750377016372e-03
2.026978078934547067e-01
1.079542795000801650e-02
2.133510743104076804e-02
5.023186506474802866e-03
2.177924637505867719e-02
1.184004525266366993e-02
1.386811590962900090e-03
1.285512584724503998e-02
9.633748342473030107e-03
1.795482950691643098e-02
1.013062164162789602e-02
5.088579273076560688e-03
3.715194587606125004e-03
7.507189200011354317e-04
2.220380271399380601e-01
1.311521449880209134e-01
1.068172558230578856e-01
1.011117859790966328e-01
1.288846312858889509e-01
1.228297907194712824e-01
2.554384628801680268e-01
3.853239302839976954e-01
2.061017585583053702e-01
1.996365649703522593e-01
1.552859079883318894e-01
2.130992112045026476e-01
9.945813939678778415e-02
1.532054263067017807e-01
1.261247357221804699e-01
1.661761274174091696e-01
6.799613332124079812e-02
1.559554426542070216e-01
3.937716615448788038e-01
2.086811270578013688e-01
1.728429979807373784e-01
1.044541952330427514e-01
9.390875194509520907e-02
1.166328107583284590e-01
1.856222235058150316e-01
2.780254937411378857e-01
1.662776701112249622e-01
1.084156424876501906e-01
1.592192822493086468e-01
1.254292761311947557e-01
1.711268890452501967e-01
1.371772086071494923e-01
2.410699370475599124e-01
1.994113860407007444e-01
1.060087020388960632e-01
1.898277689840366933e-01
2.316275891252221053e-01
2.949908839406454319e-01
1.601922028129486308e-01
1.440438585064170718e-01
2.283030992145017035e-01
7.453029650002764017e-02
1.453327802521923173e-01
1.538970912400865199e-01
2.031418229697221634e-01
1.210995407087007564e-01
9.226091057361146541e-02
2.248410308325829443e-01
8.463213336414834864e-02
1.894240839550343503e-01
9.615928334299188307e-02
7.514317612375713551e-02
2.147587988332367304e-01
2.676964468509445694e-01
1.222520313507160505e-01
2.152230497255617769e-01
1.571734452961488782e-01
1.388680648751934588e-01
1.394342646649310014e-01
1.134410436547533957e-01
1.861765063345235949e-01
2.778237748336946922e-01
5.354573869496038335e-02
