3.385574207473767139e-01
4.403718920084347815e-02
4.039796906513948294e-02
6.936586318571764942e-02
6.961790623333218020e-02
1.556064150788649403e-01
8.086543146790703407e-02
4.243631770609462839e-03
1.328111472256776338e-01
2.540519462589422434e-02
5.174870238269999728e-02
5.525067926533493157e-02
6.854723495240691578e-02
7.178605101843356373e-02
2.174697184138069811e-02
4.946580034814055948e-01
1.865635218555313293e-02
4.140052595653095913e-02
1.055304040788419551e-01
1.340466106201845461e-02
1.438384298581818314e-02
1.457446048809233619e-01
8.114253417777947397e-02
1.070807417437954351e-01
7.047686418523281190e-03
8.966430203612964223e-03
3.294752625705422294e-02
2.576057824778171801e-01
1.814304176820358966e-02
5.906391689883564444e-01
8.789561909724720457e-02
1.726324475139408982e-02
7.211901141190685607e-03
2.116743505673426839e-02
2.172600204642587685e-01
7.188132989884546409e-02
2.115822262453274927e-01
2.813387053105824154e-01
2.500341891680854869e-02
2.644640656939253182e-02
7.178000715747569205e-02
2.934067004154016292e-02
1.146664837461094585e-02
1.099187275962811849e-01
6.991308029619879016e-02
1.122380999885178032e-01
1.795094417989002641e-02
6.096241275706604755e-03
4.913150988316935391e-02
1.179215890250798537e+00
6.280354145417535450e-02
1.241192391982624960e-01
2.922291765109787109e-02
1.267030643797386613e-01
6.888071286182061159e-02
8.067922795233392966e-03
7.478605135292440420e-02
5.604534773307887074e-02
1.044541156184030234e-01
5.893596059117518771e-02
2.960334697238973037e-02
2.161353661694124031e-02
4.367386548366528412e-03
1.291729656893875866e+00
7.629914453324725399e-01
6.214206592986143418e-01
5.882284863231556082e-01
7.497999450557605305e-01
7.145752710296463528e-01
1.486040216911785672e+00
2.241662631712423526e+00
1.199018732498266626e+00
1.161406786460501550e+00
9.033921586765090161e-01
1.239727151782261005e+00
5.786082228038652575e-01
8.912887369185218400e-01
7.337439613330929422e-01
9.667471595645110716e-01
3.955746819431099626e-01
9.072872472582695913e-01
2.290808199900490116e+00
1.214024480971959141e+00
1.005532382691612270e+00
6.076733049175744306e-01
5.463240756184453151e-01
6.785236860732539732e-01
1.079876875909768996e+00
1.617442652792301594e+00
9.673378949026524287e-01
6.307194424144285660e-01
9.262749785700784555e-01
7.296980517633715468e-01
9.955487378403981014e-01
7.980428888250582498e-01
1.402449801419000774e+00
1.160096784271754000e+00
6.167168123240717170e-01
1.104343080584750503e+00
1.347517945830557062e+00
1.716140600813921280e+00
9.319350466315895476e-01
8.379903493238002321e-01
1.328177374906570396e+00
4.335878658546362119e-01
8.454887876133099223e-01
8.953125706671595241e-01
1.181798994818563209e+00
7.045093589805151435e-01
5.367375845258149925e-01
1.308036426706285171e+00
4.923563679647031677e-01
1.101994600323404461e+00
5.594167795479474403e-01
4.371533577493124656e-01
1.249381977966151247e+00
1.557352332375694592e+00
7.112140949248926258e-01
1.252082806529529524e+00
9.143731061763900048e-01
8.078796236182419488e-01
8.111735506520563188e-01
6.599552440874686399e-01
1.083101474765075123e+00
1.616269131758733879e+00
3.115079861026620045e-01
